100
5
2295773
4170220
1264969
8237213
5462959
13
8603593
7
8460583
390548
12
4936439
8763892
3410821
9999971
6
9999996
11
9999995
9999162
9999931
3023326
3877633
9987391
6463741
3191803
6513281
9682616
7783893
4461641
3910981
4751053
9010879
9999930
10
1281246
4461643
140839
10000000
4046177
3855409
9999929
6537523
3
2872729
3702389
9299449
9999991
3949061
2
5001361
9999163
9325574
9
9999161
9999972
559513
2196613
7762723
3323191
592432
9999997
2044523
1481717
1507483
9999973
5388168
8248729
5103067
1144
6697461
5094841
8291470
2360890
1862603
8
1
7203246
6716541
5331653
9516811
928009
6735763
615403
9309119
4461642
9971849
9999999
3929879
4
3132736
1750607
4125389
4572049
7551991
6987083
8873129
9999998
6865010
