95
3127 909969 3
7668 468727 8
8764 690922 4
121 121 11
886 56750 8
938 717057 3
4131 988357 1
2965 769993 4
3207 523325 2
3376 156586 6
646 753992 3
0 1000000000000000000 1000000000
2035 587687 6
1002 914907 8
9385 146808 1
2433 588437 7
4945 279540 7
8324 696474 7
4401 792858 5
2228 961000 6
7977 626769 9
8439 865622 9
9352 507517 9
9324 755359 1
6574 530230 2
4609 64949 8
1551 635917 7
121 131 1
3825 934105 6
10 22322 2
5649 246089 1
1000000000 1000000000000000000 1
22322 22322 1
2871 611476 1
2590 45700 5
6916 519450 6
2519 171840 3
8135 346033 4
1056 45030 4
9597 30751 2
2791 674701 5
5272 393026 2
5811 811662 1
9412 458712 2
352 116029 3
1405 52064 3
8892 186601 5
34432 9999920 222
100000 1000000000000000000 3
8989 909410 5
4017 755925 4
1396 974496 5
6153 882984 8
332 539995 7
121 132 1
21345 4441283 13
9705 834597 8
9523 81976 5
3491 376189 1
999 99999 78788
5579 763362 2
0 1000000000000000000 1
3976 759716 7
5759 165757 6
400 793131 4
6760 325542 7
1813 539974 3
1329 665400 3
5992 237133 9
7597 115191 5
7800 282033 2
3748 207521 4
3286 977701 4
8621 305784 1
39 1000000 3
490 499674 1
9332 549970 6
8429 327368 2
1209 371972 7
2789 205886 5
3901 458931 4
9628 221919 9
6673 645665 9
5630 555906 6
4766 385349 3
6311 744038 5
1516 476245 5
9929 160753 4
2739 884729 5
4827 379304 8
1616 875376 6
7243 39232 6
0 100 2
0 132 1
1363 123520 8
