100
121 121 11
9324 755359 1
8621 305784 1
8439 865622 9
3491 376189 1
5811 811662 1
1396 974496 5
3286 977701 4
332 539995 7
8984 321196 7
6153 882984 8
2791 674701 5
2228 961000 6
7800 282033 2
1813 539974 3
8135 346033 4
5272 393026 2
4609 64949 8
8429 327368 2
4766 385349 3
6574 530230 2
7597 115191 5
5759 165757 6
2965 769993 4
2433 588437 7
5230 55195 9
121 131 1
4131 988357 1
6311 744038 5
5630 555906 6
938 717057 3
1209 371972 7
22322 22322 1
1056 45030 4
39 1000000 3
3207 523325 2
0 1000000000000000000 1000000000
10 22322 2
6760 325542 7
7243 39232 6
1363 123520 8
4827 379304 8
4945 279540 7
100000 1000000000000000000 3
400 793131 4
2035 587687 6
4401 792858 5
6916 519450 6
3376 156586 6
9332 549970 6
4017 755925 4
2590 45700 5
21345 4441283 13
9352 507517 9
8892 186601 5
3976 759716 7
9385 146808 1
2739 884729 5
5992 237133 9
121 132 1
0 1000000000000000000 1
3568 887100 8
1516 476245 5
5579 763362 2
34432 9999920 222
378 659223 5
1000000000 1000000000000000000 1
8764 690922 4
352 116029 3
3748 207521 4
5649 246089 1
646 753992 3
7668 468727 8
1551 635917 7
1002 914907 8
9412 458712 2
9929 160753 4
3263 62970 1
3825 934105 6
999 99999 78788
886 56750 8
3127 909969 3
1329 665400 3
1616 875376 6
9628 221919 9
9705 834597 8
9523 81976 5
8324 696474 7
7977 626769 9
2871 611476 1
1405 52064 3
2519 171840 3
8989 909410 5
9597 30751 2
3901 458931 4
2789 205886 5
490 499674 1
0 100 2
0 132 1
6673 645665 9
